5
50
1 1 1 1 1 1 1 1 1 1 1 1 1 1 1 1 1 1 1 1 1 1 1 1 1 1 1 1 1 1 1 1 1 1 1 1 1 1 1 1 1 1 1 1 1 1 1 1 1 1 
50000 50000 50000 50000 50000 50000 50000 50000 50000 50000 50000 50000 50000 50000 50000 50000 50000 50000 50000 50000 50000 50000 50000 50000 50000 50000 50000 50000 50000 50000 50000 50000 50000 50000 50000 50000 50000 50000 50000 50000 50000 50000 50000 50000 50000 50000 50000 50000 50000 50000 
1 2
1 3
1 4
4 5
3 6
1 7
4 8
7 9
6 10
4 11
2 12
9 13
8 14
3 15
13 16
11 17
8 18
17 19
9 20
3 21
20 22
6 23
16 24
24 25
8 26
25 27
9 28
5 29
11 30
18 31
12 32
17 33
9 34
14 35
26 36
34 37
31 38
31 39
33 40
4 41
38 42
32 43
26 44
15 45
36 46
18 47
31 48
16 49
13 50
50
1 1 1 1 1 1 1 1 1 1 1 1 1 1 1 1 1 1 1 1 1 1 1 1 1 1 1 1 1 1 1 1 1 1 1 1 1 1 1 1 1 1 1 1 1 1 1 1 1 1 
50000 50000 50000 50000 50000 50000 50000 50000 50000 50000 50000 50000 50000 50000 50000 50000 50000 50000 50000 50000 50000 50000 50000 50000 50000 50000 50000 50000 50000 50000 50000 50000 50000 50000 50000 50000 50000 50000 50000 50000 50000 50000 50000 50000 50000 50000 50000 50000 50000 50000 
1 2
1 3
2 4
2 5
1 6
5 7
6 8
1 9
5 10
3 11
10 12
4 13
1 14
6 15
1 16
12 17
2 18
17 19
18 20
14 21
20 22
20 23
17 24
15 25
18 26
5 27
3 28
6 29
2 30
10 31
4 32
1 33
13 34
11 35
2 36
21 37
28 38
26 39
28 40
40 41
3 42
13 43
32 44
12 45
42 46
10 47
32 48
19 49
21 50
50
1 1 1 1 1 1 1 1 1 1 1 1 1 1 1 1 1 1 1 1 1 1 1 1 1 1 1 1 1 1 1 1 1 1 1 1 1 1 1 1 1 1 1 1 1 1 1 1 1 1 
50000 50000 50000 50000 50000 50000 50000 50000 50000 50000 50000 50000 50000 50000 50000 50000 50000 50000 50000 50000 50000 50000 50000 50000 50000 50000 50000 50000 50000 50000 50000 50000 50000 50000 50000 50000 50000 50000 50000 50000 50000 50000 50000 50000 50000 50000 50000 50000 50000 50000 
1 2
2 3
3 4
3 5
1 6
4 7
6 8
7 9
9 10
3 11
5 12
6 13
9 14
14 15
13 16
9 17
6 18
16 19
13 20
14 21
14 22
3 23
2 24
6 25
2 26
14 27
6 28
16 29
17 30
28 31
15 32
1 33
11 34
22 35
6 36
36 37
11 38
5 39
20 40
25 41
20 42
27 43
34 44
40 45
33 46
13 47
12 48
8 49
49 50
50
1 1 1 1 1 1 1 1 1 1 1 1 1 1 1 1 1 1 1 1 1 1 1 1 1 1 1 1 1 1 1 1 1 1 1 1 1 1 1 1 1 1 1 1 1 1 1 1 1 1 
50000 50000 50000 50000 50000 50000 50000 50000 50000 50000 50000 50000 50000 50000 50000 50000 50000 50000 50000 50000 50000 50000 50000 50000 50000 50000 50000 50000 50000 50000 50000 50000 50000 50000 50000 50000 50000 50000 50000 50000 50000 50000 50000 50000 50000 50000 50000 50000 50000 50000 
1 2
2 3
2 4
1 5
4 6
1 7
5 8
6 9
4 10
3 11
7 12
7 13
4 14
9 15
8 16
1 17
10 18
3 19
6 20
12 21
20 22
15 23
17 24
10 25
25 26
19 27
18 28
6 29
23 30
9 31
7 32
19 33
11 34
6 35
6 36
1 37
8 38
1 39
6 40
4 41
26 42
35 43
5 44
4 45
7 46
1 47
35 48
14 49
3 50
50
1 1 1 1 1 1 1 1 1 1 1 1 1 1 1 1 1 1 1 1 1 1 1 1 1 1 1 1 1 1 1 1 1 1 1 1 1 1 1 1 1 1 1 1 1 1 1 1 1 1 
50000 50000 50000 50000 50000 50000 50000 50000 50000 50000 50000 50000 50000 50000 50000 50000 50000 50000 50000 50000 50000 50000 50000 50000 50000 50000 50000 50000 50000 50000 50000 50000 50000 50000 50000 50000 50000 50000 50000 50000 50000 50000 50000 50000 50000 50000 50000 50000 50000 50000 
1 2
1 3
3 4
1 5
1 6
6 7
7 8
7 9
4 10
10 11
11 12
3 13
4 14
5 15
14 16
6 17
17 18
2 19
3 20
12 21
5 22
22 23
7 24
24 25
4 26
22 27
9 28
18 29
21 30
23 31
26 32
31 33
20 34
27 35
1 36
11 37
6 38
36 39
31 40
32 41
25 42
31 43
23 44
21 45
34 46
17 47
28 48
25 49
16 50
