1
33 144 19 11
1 2
1 3
3 4
2 5
1 6
6 7
6 8
8 9
6 10
8 11
11 12
4 13
3 14
2 15
8 16
12 17
11 18
10 19
17 20
20 21
19 22
9 23
22 24
19 25
4 26
7 27
22 28
25 29
22 30
7 31
10 32
17 33
23 10
26 17
5 27
8 23
18 32
26 25
27 29
16 3
29 8
10 24
8 22
23 14
20 27
32 16
28 15
23 29
13 33
15 14
31 3
30 5
16 10
8 20
2 8
7 18
27 18
30 10
22 4
3 6
22 20
13 8
20 28
10 8
4 14
28 9
18 15
32 33
4 30
22 9
28 24
13 3
15 1
13 19
26 28
4 29
24 19
10 22
27 12
21 6
31 26
28 21
9 24
10 26
24 17
25 13
17 22
12 20
27 10
15 17
11 13
11 31
26 1
9 21
13 21
17 31
10 9
28 32
4 28
31 22
21 31
9 14
6 16
15 30
2 14
32 12
26 19
10 12
14 10
6 15
4 10
23 7
1 21
19 18
32 31
15 21
6 2
22 2
22 7
9 13
28 17
5 1
21 7
16 9
17 25
21 10
7 16
13 12
18 30
7 15
17 11
23 21
2 27
5 26
33 22
18 31
28 19
31 4
12 1
30 27
6 27
21 2
8 30
6 22
